IRIDIUM 106             
1 41917C 17003A   24176.11701389  .00000461  00000+0  16471-3 0  1762
2 41917  86.3966  30.6910 0002631  95.6798  73.1225 14.34217624    12
IRIDIUM 103             
1 41918C 17003B   24176.10381944  .00001179  00000+0  42153-3 0  1766
2 41918  86.3966  30.5984 0002010  96.3484  69.8037 14.34218770    10
IRIDIUM 109             
1 41919C 17003C   24176.11076389  .00000865  00000+0  30912-3 0  1763
2 41919  86.3967  30.6430 0002005  84.4368  84.8221 14.34218595    19
IRIDIUM 102             
1 41920C 17003D   24176.07743056  .00003170  00000+0  11335-2 0  1761
2 41920  86.3966  30.5959 0002295  84.3457  76.5515 14.34216264    19
IRIDIUM 105             
1 41921C 17003E   24176.11354167 -.00001321  00000+0 -47226-3 0  1765
2 41921  86.3979 359.0185 0002077  95.0430  43.0332 14.34228606    11
IRIDIUM 104             
1 41922C 17003F   24176.09062500  .00002172  00000+0  77647-3 0  1763
2 41922  86.3967  30.6220 0001903  84.2426  79.1895 14.34215883    10
IRIDIUM 114             
1 41923C 17003G   24176.09756944  .00001613  00000+0  57681-3 0  1761
2 41923  86.3966  30.6049 0002523  92.4711  74.1606 14.34217938    14
IRIDIUM 108             
1 41924C 17003H   24176.12048611 -.00001305  00000+0 -46657-3 0  1762
2 41924  86.3973 358.9399 0002439  93.5565  45.3540 14.34220519    18
IRIDIUM 112             
1 41925C 17003J   24176.08368056  .00002719  00000+0  97205-3 0  1769
2 41925  86.3963  30.4860 0001995  84.9130  75.5073 14.34216155    18
IRIDIUM 111             
1 41926C 17003K   24176.06076389  .00003561  00000+0  12733-2 0  1761
2 41926  86.3965  30.5502 0001910  94.6059  13.0224 14.34216082    14
IRIDIUM 113             
1 42803C 17039A   24176.11076389  .00004165  00000+0  14893-2 0  1761
2 42803  86.3969 264.2899 0002165 100.7024   8.3042 14.34213823    17
IRIDIUM 123             
1 42804C 17039B   24176.01701389 -.00000902  00000+0 -32269-3 0  1761
2 42804  86.3972 295.8389 0002090  99.1398  32.0962 14.34218176    19
IRIDIUM 120             
1 42805C 17039C   24176.10451389  .00003932  00000+0  14059-2 0  1764
2 42805  86.3958 264.1687 0002401  96.9466  12.5390 14.34213492    15
IRIDIUM 115             
1 42806C 17039D   24176.13020833  .00003399  00000+0  10120-2 0  1766
2 42806  86.4496 264.1836 0002065 106.0288 220.9510 14.43278701    14
IRIDIUM 118             
1 42807C 17039E   24175.98020833 -.00002390  00000+0 -85445-3 0  1753
2 42807  86.3972 295.8554 0002198  92.4511  45.2322 14.34220263    14
IRIDIUM 117             
1 42808C 17039F   24175.99895833 -.00001521  00000+0 -54400-3 0  1757
2 42808  86.3971 295.8119 0002172 102.2749  33.9888 14.34218209    14
IRIDIUM 126             
1 42809C 17039G   24176.02326389 -.00000995  00000+0 -35585-3 0  1766
2 42809  86.3972 295.8412 0001975  99.0181  31.7609 14.34217015    16
IRIDIUM 124             
1 42810C 17039H   24176.06493056  .00003763  00000+0  11205-2 0  1764
2 42810  86.4493 232.5536 0002743  97.4985 233.7810 14.43269830    10
IRIDIUM 128             
1 42811C 17039J   24176.08437500 -.00001630  00000+0 -58266-3 0  1761
2 42811  86.3977 327.3456 0002250 100.2246  33.6510 14.34219586    14
IRIDIUM 121             
1 42812C 17039K   24175.97395833 -.00002415  00000+0 -86349-3 0  1755
2 42812  86.3973 295.8845 0002382  97.0418  41.1233 14.34219934    15
IRIDIUM 133             
1 42955C 17061A   24176.10729167 -.00001014  00000+0 -36248-3 0  1763
2 42955  86.3980 327.4359 0002125  95.8188 352.6702 14.34218299    12
IRIDIUM 100             
1 42956C 17061B   24176.10104167 -.00000859  00000+0 -30715-3 0  1760
2 42956  86.3978 327.3740 0002094  94.9013 354.0571 14.34218456    10
IRIDIUM 122             
1 42957C 17061C   24176.07881944 -.00002021  00000+0 -72251-3 0  1766
2 42957  86.3977 327.3816 0002136  96.2370  41.7027 14.34219675    12
IRIDIUM 129             
1 42958C 17061D   24176.10312500 -.00000954  00000+0 -34109-3 0  1761
2 42958  86.3979 327.4309 0002007  98.7651  33.6815 14.34219288    14
IRIDIUM 119             
1 42959C 17061E   24176.07256944 -.00002319  00000+0 -82909-3 0  1765
2 42959  86.3979 327.4358 0002090 100.9363  37.4783 14.34220049    10
IRIDIUM 107             
1 42960C 17061F   24176.09062500 -.00001333  00000+0 -47673-3 0  1766
2 42960  86.3979 327.4451 0002184 100.6621  32.7359 14.34219077    10
IRIDIUM 132             
1 42961C 17061G   24176.09618056 -.00001050  00000+0 -37553-3 0  1762
2 42961  86.3979 327.4275 0002357 101.4917  27.8455 14.34218738    19
IRIDIUM 136             
1 42962C 17061H   24176.12812500 -.00001223  00000+0 -43744-3 0  1768
2 42962  86.3980 327.4173 0001964  99.3462  31.1929 14.34218765    16
IRIDIUM 139             
1 42963C 17061J   24176.12673611 -.00001056  00000+0 -37769-3 0  1761
2 42963  86.3981 327.4682 0002393 103.2806 347.3593 14.34218022    12
IRIDIUM 125             
1 42964C 17061K   24176.12187500 -.00001235  00000+0 -44165-3 0  1766
2 42964  86.3983 327.5180 0002037 106.2676  24.7442 14.34218165    19
IRIDIUM 135             
1 43070C 17083A   24176.08993056  .00003471  00000+0  12411-2 0  1765
2 43070  86.3964 264.1821 0002588  90.1763   9.5254 14.34212306    17
IRIDIUM 138             
1 43071C 17083B   24176.11701389  .00004185  00000+0  14963-2 0  1763
2 43071  86.3953 263.8871 0001998 101.9678   6.5619 14.34214819    10
IRIDIUM 116             
1 43072C 17083C   24176.08506944  .00003499  00000+0  12510-2 0  1763
2 43072  86.3963 264.1788 0002433  96.4901  10.8438 14.34214180    13
IRIDIUM 130             
1 43073C 17083D   24176.12326389  .00004075  00000+0  14568-2 0  1768
2 43073  86.3971 264.3681 0002326  97.7837  10.2664 14.34214262    16
IRIDIUM 151             
1 43074C 17083E   24176.14131944  .00003532  00000+0  12627-2 0  1763
2 43074  86.3965 264.1967 0002245  90.4901 241.6396 14.34216606    13
IRIDIUM 134             
1 43075C 17083F   24176.06562500  .00003546  00000+0  12677-2 0  1761
2 43075  86.3966 264.2267 0002445 100.1256   5.0586 14.34214157    15
IRIDIUM 137             
1 43076C 17083G   24176.07881944  .00003514  00000+0  12565-2 0  1760
2 43076  86.3968 264.2993 0002600  86.4902  21.3218 14.34213953    17
IRIDIUM 141             
1 43077C 17083H   24176.07187500  .00003510  00000+0  12551-2 0  1769
2 43077  86.3963 264.1739 0002138  99.4170   5.3027 14.34213181    10
IRIDIUM 153             
1 43078C 17083J   24176.13576389  .00000837  00000+0  29923-3 0  1765
2 43078  86.3970 232.6121 0001842 101.3042 219.8746 14.34217096    15
IRIDIUM 131             
1 43079C 17083K   24176.12951389  .00003832  00000+0  13700-2 0  1765
2 43079  86.3968 264.2876 0002241  92.7187  14.8542 14.34214590    11
IRIDIUM 144             
1 43249C 18030A   24176.09965278  .00002590  00000+0  92587-3 0  1766
2 43249  86.3967 232.5739 0002652  96.9737   5.0885 14.34217176    13
IRIDIUM 149             
1 43250C 18030B   24176.08090278  .00003103  00000+0  11094-2 0  1760
2 43250  86.3966 232.5568 0002488  93.7069 238.8802 14.34216039    16
IRIDIUM 157             
1 43251C 18030C   24176.09965278  .00001977  00000+0  70702-3 0  1762
2 43251  86.3968 232.5860 0002182  89.5851 241.5675 14.34217458    12
IRIDIUM 140             
1 43252C 18030D   24176.11840278  .00001291  00000+0  46139-3 0  1764
2 43252  86.3968 232.5927 0002660 103.0335 226.6885 14.34219484    15
IRIDIUM 145             
1 43253C 18030E   24176.10590278  .00001723  00000+0  61619-3 0  1766
2 43253  86.3967 232.5716 0002844  94.5138 236.1620 14.34217477    13
IRIDIUM 146             
1 43254C 18030F   24176.08715278  .00002697  00000+0  96436-3 0  1769
2 43254  86.3967 232.5942 0002535  95.1262 236.9827 14.34216762    10
IRIDIUM 148             
1 43255C 18030G   24176.12465278  .00001157  00000+0  41354-3 0  1766
2 43255  86.3968 232.6105 0002449  90.6504 238.5901 14.34218045    14
IRIDIUM 142             
1 43256C 18030H   24176.09340278  .00002289  00000+0  81853-3 0  1760
2 43256  86.3965 232.5390 0002689  94.4450 237.1852 14.34217476    12
IRIDIUM 150             
1 43257C 18030J   24176.13090278  .00001017  00000+0  36372-3 0  1762
2 43257  86.3968 232.6161 0002686  97.4417 231.3230 14.34218546    11
IRIDIUM 143             
1 43258C 18030K   24176.11215278  .00001493  00000+0  53396-3 0  1763
2 43258  86.3971 232.6881 0002783  95.0223 235.1735 14.34218608    13
IRIDIUM 161             
1 43478C 18047C   24176.14270833  .00000379  00000+0  11275-3 0  1768
2 43478  86.4487  30.6366 0002400  87.8378  42.2408 14.43282940    14
IRIDIUM 152             
1 43479C 18047D   24176.12395833  .00000510  00000+0  18232-3 0  1762
2 43479  86.3961  30.5039 0002244  90.1426  81.7423 14.34218706    18
IRIDIUM 147             
1 43480C 18047E   24176.13020833  .00000429  00000+0  15354-3 0  1761
2 43480  86.3963  30.4937 0002079  89.7219  81.6886 14.34219922    11
IRIDIUM 110             
1 43481C 18047F   24176.12326389  .00000952  00000+0  34027-3 0  1765
2 43481  86.3965  30.5697 0001792  91.3366  11.5112 14.34218201    14
IRIDIUM 162             
1 43482C 18047G   24176.14340278  .00000349  00000+0  10392-3 0  1760
2 43482  86.4485  30.5363 0002299  91.6316  74.7380 14.43281297    17
IRIDIUM 160             
1 43569C 18061A   24176.07881944 -.00001594  00000+0 -57005-3 0  1761
2 43569  86.3976 358.9693 0002007  81.4901  71.5094 14.34221136    17
IRIDIUM 166             
1 43570C 18061B   24176.10173611 -.00001643  00000+0 -58729-3 0  1761
2 43570  86.3975 358.9200 0002308  97.6788  42.6577 14.34220574    18
IRIDIUM 158             
1 43571C 18061C   24176.13715278 -.00002068  00000+0 -73935-3 0  1764
2 43571  86.3975 358.9145 0002412  91.0863  35.6636 14.34220299    17
IRIDIUM 165             
1 43572C 18061D   24176.03159722  .00000565  00000+0  20202-3 0  1767
2 43572  86.3976 358.9913 0002361  90.9519  80.2118 14.34219922    13
IRIDIUM 155             
1 43573C 18061E   24176.12673611 -.00001514  00000+0 -54145-3 0  1766
2 43573  86.3973 358.8564 0002317  97.6941  40.7359 14.34220613    13
IRIDIUM 154             
1 43574C 18061F   24176.10798611 -.00001468  00000+0 -52482-3 0  1763
2 43574  86.3976 358.9622 0002044  86.7722  53.0915 14.34220438    16
IRIDIUM 163             
1 43575C 18061G   24176.09270833 -.00001979  00000+0 -70757-3 0  1765
2 43575  86.3974 358.9066 0002196  92.3113  66.9037 14.34221772    12
IRIDIUM 156             
1 43576C 18061H   24176.13368056 -.00001866  00000+0 -66717-3 0  1762
2 43576  86.3974 358.8959 0002406  92.1739  49.3695 14.34220478    16
IRIDIUM 164             
1 43577C 18061J   24176.11423611 -.00001339  00000+0 -47865-3 0  1768
2 43577  86.3975 358.9330 0002303  83.7035  55.6856 14.34221180    13
IRIDIUM 159             
1 43578C 18061K   24176.08715278 -.00001941  00000+0 -69380-3 0  1763
2 43578  86.3974 358.8963 0002137  85.0366  78.2415 14.34221951    19
IRIDIUM 180             
1 43922C 19002A   24176.07881944  .00001026  00000+0  36667-3 0  1769
2 43922  86.3971 295.7791 0002082  96.3424  26.5331 14.34216275    12
IRIDIUM 176             
1 43923C 19002B   24176.13784722  .00003769  00000+0  59858-3 0  1766
2 43923  86.6098 295.7756 0002425  91.0372  11.4336 14.72252006    14
IRIDIUM 168             
1 43924C 19002C   24176.00451389 -.00001212  00000+0 -43349-3 0  1764
2 43924  86.3974 295.8671 0002276  94.9540  37.2358 14.34218531    18
IRIDIUM 173             
1 43925C 19002D   24175.99270833 -.00001887  00000+0 -67483-3 0  1757
2 43925  86.3970 295.7905 0002153  93.6119  43.1172 14.34218774    15
IRIDIUM 169             
1 43926C 19002E   24176.10659722 -.00000870  00000+0 -28492-3 0  1769
2 43926  86.4235 327.3699 0002245 150.6133 341.6440 14.38611480    14
IRIDIUM 172             
1 43927C 19002F   24175.98715278 -.00002217  00000+0 -79283-3 0  1754
2 43927  86.3970 295.7985 0002247  92.7770  48.0103 14.34219781    19
IRIDIUM 175             
1 43928C 19002G   24176.13229167  .00005598  00000+0  88921-3 0  1763
2 43928  86.1507 268.5247 0002077 104.5212 358.5884 14.72243738    13
IRIDIUM 171             
1 43929C 19002H   24175.96770833 -.00002268  00000+0 -81079-3 0  1754
2 43929  86.3980 296.0331 0002459  93.2266  45.4110 14.34220312    13
IRIDIUM 170             
1 43930C 19002J   24176.14340278  .00004505  00000+0  71558-3 0  1769
2 43930  86.6099 295.7782 0002276  95.0076   4.1133 14.72248540    13
IRIDIUM 167             
1 43931C 19002K   24176.02951389 -.00001137  00000+0 -40642-3 0  1768
2 43931  86.3971 295.7969 0002325  96.6561  33.6289 14.34219837    12
IRIDIUM 181             
1 56726C 23068S   24176.13506944 -.00002574  00000+0 -76174-3 0  1761
2 56726  86.8641 349.8237 0002514  96.1297  44.5112 14.43570401    10
IRIDIUM 177             
1 56727C 23068T   24176.07673611  .00000484  00000+0  63855-4 0  1760
2 56727  86.1982 312.0876 0002751  89.1872  37.4420 14.80231209    11
IRIDIUM 174             
1 56728C 23068U   24176.13368056  .00002767  00000+0  36484-3 0  1765
2 56728  86.1988 312.1649 0002340  98.6232   0.1795 14.80227785    12
IRIDIUM 178             
1 56729C 23068V   24176.13368056  .00000005  00000+0  62421-6 0  1762
2 56729  86.5789 329.9595 0001975  96.3415  31.3278 14.80245628    11
IRIDIUM 179             
1 56730C 23068W   24176.12256944  .00000323  00000+0  42530-4 0  1765
2 56730  86.6797 334.1860 0002154  98.9027 358.3225 14.80241885    18
